FT  ID  AT  WT  ST
2   102   1   0   1
3   103   2   0   1
4   109   3   0   1
4   106   2   1   1
5   105   2   0   3
5   111   4   0   1
5   107   3   1   1
6   101   1   0   5
6   104   2   0   4
6   110   4   0   2
7   112   5   0   2
7   114   6   0   1
9   117   8   0   1
11   120   8   2   1
12   124   11   0   1
13   113   5   1   7
13   125   12   0   1
14   116   7   0   7
14   128   13   0   1
15   115   7   6   2
16   130   14   0   2
16   119   8   6   2
16   108   3   4   9
17   118   8   6   3
18   123   11   6   1
18   122   9   8   1
19   129   14   2   3
21   126   12   4   5
22   127   12   6   4
................................................
Orders: 29 [Norm: 10, Veg: 5, VIP: 14]
Cooks: 8 [Norm: 3, Veg: 3, VIP: 2, injured: 3]
Avg Wait = 1.82759, Avg Serv = 2.55172
Urgent orders: 4, Auto-promoted: 50%
