FT  ID  AT  WT  ST
2   102   1   0   1
2   101   1   0   1
3   103   2   0   1
3   104   2   0   1
3   105   2   0   1
4   109   3   0   1
4   107   3   0   1
5   106   2   1   2
5   111   4   0   1
6   110   4   0   2
6   108   3   1   2
7   112   5   0   2
7   113   5   0   2
7   114   6   0   1
8   116   7   0   1
9   115   7   0   2
9   117   8   0   1
9   118   8   0   1
10   119   8   0   2
10   122   9   0   1
12   120   8   2   2
13   124   11   0   2
15   128   13   0   2
15   125   12   0   3
17   130   14   1   2
17   129   14   1   2
17   126   12   4   1
18   123   11   6   1
19   127   12   6   1
................................................
Orders: 29 [Norm: 11, Veg: 5, VIP: 13]
Cooks: 8 [Norm: 3, Veg: 3, VIP: 2, injured: 1]
Avg Wait = 0.758621, Avg Serv = 1.48276
Urgent orders: 1, Auto-promoted: 18.1818%
