FT  ID  AT  WT  ST
2   102   1   0   1
3   103   2   0   1
4   101   1   0   3
4   104   2   0   2
4   105   2   0   2
4   109   3   0   1
4   106   2   1   1
5   110   4   0   1
5   111   4   0   1
5   107   3   1   1
6   112   5   0   1
7   114   6   0   1
8   116   7   0   1
9   108   3   2   4
9   113   5   0   4
9   117   8   0   1
10   115   7   0   3
10   122   9   0   1
12   118   8   2   2
13   125   12   0   1
13   126   12   0   1
14   120   8   2   4
14   128   13   0   1
15   124   11   0   4
18   130   14   3   1
19   119   8   10   1
20   127   12   7   1
21   129   14   3   4
22   123   11   8   3
................................................
Orders: 29 [Norm: 11, Veg: 5, VIP: 13]
Cooks: 8 [Norm: 3, Veg: 3, VIP: 2, injured: 2]
Avg Wait = 1.34483, Avg Serv = 1.82759
Urgent orders: 0, Auto-promoted: 0%
