FT  ID  AT  WT  ST
3   103   2   0   1
3   102   1   0   2
4   101   1   0   3
4   104   2   0   2
4   105   2   0   2
5   109   3   0   2
6   111   4   0   2
6   110   4   0   2
13   116   7   4   2
13   124   11   0   2
14   113   5   5   4
14   120   8   2   4
15   114   6   4   5
17   128   13   2   2
18   117   8   8   2
18   130   14   0   4
18   129   14   1   3
19   107   3   14   2
19   108   3   14   2
20   106   2   14   4
23   115   7   14   2
23   118   8   14   1
24   126   12   8   4
25   125   12   8   5
26   119   8   14   4
27   123   11   14   2
27   127   12   14   1
35   122   9   23   3
37   112   5   27   5
................................................
Orders: 29 [Norm: 10, Veg: 5, VIP: 14]
Cooks: 8 [Norm: 3, Veg: 3, VIP: 2, injured: 11]
Avg Wait = 7.03448, Avg Serv = 2.72414
Urgent orders: 11, Auto-promoted: 80%
