FT  ID  AT  WT  ST
3   102   1   0   2
4   103   2   0   2
5   105   2   0   3
5   109   3   0   2
6   104   2   0   4
6   110   4   0   2
6   111   4   0   2
7   101   1   0   6
12   116   7   3   2
13   117   8   3   2
14   106   2   10   2
16   108   3   10   3
16   107   3   10   3
17   126   12   3   2
18   124   11   3   4
19   114   6   3   10
19   125   12   3   4
20   128   13   4   3
22   113   5   3   14
22   129   14   3   5
24   130   14   1   9
32   112   5   21   6
34   122   9   20   5
................................................
Orders: 23 [Norm: 5, Veg: 5, VIP: 13]
Cooks: 8 [Norm: 3, Veg: 3, VIP: 2, injured: 10]
Avg Wait = 4.34783, Avg Serv = 4.21739
Urgent orders: 12, Auto-promoted: 60%
