FT  ID  AT  WT  ST
4   102   1   0   3
6   101   1   0   5
6   104   2   0   4
6   110   4   0   2
6   111   4   0   2
6   103   2   0   4
6   109   3   0   3
7   105   2   0   5
14   120   8   4   2
16   130   14   0   2
17   114   6   6   5
17   129   14   0   3
17   128   13   2   2
18   124   11   4   3
18   125   12   3   3
19   113   5   7   7
19   106   2   15   2
21   107   3   15   3
21   126   12   8   1
21   108   3   15   3
22   116   7   8   7
22   117   8   10   4
24   119   8   14   2
24   118   8   14   2
27   115   7   14   6
27   127   12   13   2
29   122   9   18   2
29   123   11   12   6
30   112   5   22   3
................................................
Orders: 29 [Norm: 10, Veg: 5, VIP: 14]
Cooks: 8 [Norm: 3, Veg: 3, VIP: 2, injured: 9]
Avg Wait = 7.03448, Avg Serv = 3.37931
Urgent orders: 2, Auto-promoted: 60%
