FT  ID  AT  WT  ST
3   103   2   0   1
4   104   2   0   2
4   105   2   0   2
4   102   1   0   3
4   101   1   0   3
5   109   3   0   2
6   110   4   0   2
6   111   4   0   2
11   114   6   2   3
11   116   7   2   2
12   113   5   3   4
14   120   8   4   2
14   124   11   1   2
15   108   3   10   2
16   106   2   10   4
16   117   8   6   2
16   128   13   0   3
17   107   3   10   4
17   130   14   1   2
19   129   14   3   2
19   126   12   6   1
20   115   7   10   3
20   119   8   10   2
20   118   8   10   2
22   123   11   10   1
23   127   12   9   2
23   125   12   6   5
24   112   5   17   2
26   122   9   15   2
................................................
Orders: 29 [Norm: 10, Veg: 5, VIP: 14]
Cooks: 8 [Norm: 3, Veg: 3, VIP: 2, injured: 5]
Avg Wait = 5, Avg Serv = 2.37931
Urgent orders: 5, Auto-promoted: 70%
