FT  ID  AT  WT  ST
3   102   1   0   2
3   103   2   0   1
4   104   2   0   2
4   105   2   0   2
4   101   1   0   3
5   109   3   0   2
6   110   4   0   2
6   111   4   0   2
12   114   6   3   3
12   116   7   3   2
12   117   8   3   1
13   113   5   3   5
16   106   2   10   4
16   126   12   3   1
16   107   3   10   3
17   125   12   3   2
17   108   3   10   4
18   124   11   3   4
18   128   13   0   5
19   129   14   3   2
22   130   14   3   5
26   112   5   19   2
27   122   9   16   2
................................................
Orders: 23 [Norm: 5, Veg: 5, VIP: 13]
Cooks: 8 [Norm: 3, Veg: 3, VIP: 2, injured: 7]
Avg Wait = 4, Avg Serv = 2.65217
Urgent orders: 9, Auto-promoted: 60%
