FT  ID  AT  WT  ST
3   102   1   0   2
4   103   2   0   2
5   109   3   0   2
6   101   1   0   5
6   104   2   0   4
6   110   4   0   2
6   111   4   0   2
6   105   2   0   4
10   114   6   3   1
10   113   5   3   2
15   106   2   10   3
15   107   3   10   2
15   117   8   2   5
16   108   3   10   3
16   128   13   0   3
17   116   7   3   7
18   125   12   4   2
18   126   12   4   2
18   124   11   3   4
20   129   14   3   3
22   130   14   0   8
27   122   9   16   2
29   112   5   19   5
................................................
Orders: 23 [Norm: 5, Veg: 5, VIP: 13]
Cooks: 8 [Norm: 3, Veg: 3, VIP: 2, injured: 6]
Avg Wait = 3.91304, Avg Serv = 3.26087
Urgent orders: 7, Auto-promoted: 60%
