FT  ID  AT  WT  ST
3   102   1   0   2
4   103   2   0   2
5   109   3   0   2
5   105   2   0   3
6   111   4   0   2
6   110   4   0   2
6   104   2   0   4
6   101   1   0   5
13   117   8   3   2
14   114   6   3   5
14   124   11   0   3
15   106   2   10   3
16   107   3   10   3
16   108   3   10   3
17   116   7   3   7
17   126   12   3   2
20   129   14   3   3
20   130   14   3   3
20   128   13   3   4
22   113   5   3   14
28   125   12   3   13
33   122   9   20   4
34   112   5   23   6
................................................
Orders: 23 [Norm: 5, Veg: 5, VIP: 13]
Cooks: 8 [Norm: 3, Veg: 3, VIP: 2, injured: 8]
Avg Wait = 4.34783, Avg Serv = 4.21739
Urgent orders: 12, Auto-promoted: 60%
