FT  ID  AT  WT  ST
2   102   1   0   1
3   103   2   0   1
4   101   1   0   3
4   104   2   0   2
4   105   2   0   2
4   106   2   1   1
5   109   3   0   2
5   107   3   1   1
6   110   4   0   2
6   111   4   0   2
8   112   5   1   2
9   113   5   0   4
9   114   6   0   3
9   116   7   0   2
9   117   8   0   1
10   108   3   2   5
14   120   8   4   2
15   130   14   0   1
15   118   8   6   1
16   115   7   6   3
16   119   8   6   2
17   128   13   0   4
17   124   11   4   2
17   126   12   4   1
18   129   14   0   4
18   125   12   4   2
18   122   9   7   2
20   127   12   6   2
20   123   11   6   3
................................................
Orders: 29 [Norm: 11, Veg: 5, VIP: 13]
Cooks: 8 [Norm: 3, Veg: 3, VIP: 2, injured: 3]
Avg Wait = 2, Avg Serv = 2.17241
Urgent orders: 3, Auto-promoted: 45.4545%
