FT  ID  AT  WT  ST
3   103   2   0   1
3   102   1   0   2
4   104   2   0   2
4   105   2   0   2
4   109   3   0   1
4   101   1   0   3
5   110   4   0   1
5   111   4   0   1
5   106   2   2   1
5   107   3   1   1
7   112   5   0   2
9   108   3   2   4
9   113   5   0   4
9   114   6   0   3
9   116   7   0   2
9   117   8   0   1
13   120   8   4   1
14   115   7   6   1
15   130   14   0   1
16   119   8   6   2
16   118   8   6   2
17   129   14   1   2
17   126   12   4   1
18   122   9   8   1
18   125   12   4   2
19   124   11   4   4
19   127   12   6   1
20   128   13   3   4
20   123   11   6   3
................................................
Orders: 29 [Norm: 11, Veg: 5, VIP: 13]
Cooks: 8 [Norm: 3, Veg: 3, VIP: 2, injured: 4]
Avg Wait = 2.17241, Avg Serv = 1.93103
Urgent orders: 7, Auto-promoted: 45.4545%
