FT  ID  AT  WT  ST
4   101   1   0   3
4   104   2   0   2
4   105   2   0   2
4   102   1   0   3
4   103   2   0   2
5   109   3   0   2
6   110   4   0   2
6   111   4   0   2
12   113   5   3   4
12   116   7   1   4
13   114   6   2   5
14   120   8   4   2
14   124   11   1   2
14   126   12   1   1
15   125   12   0   3
15   128   13   0   2
17   130   14   1   2
17   129   14   1   2
17   117   8   7   2
18   108   3   13   2
18   107   3   13   2
19   115   7   11   1
19   118   8   10   1
19   106   2   13   4
22   119   8   12   2
23   123   11   9   3
24   112   5   17   2
24   127   12   9   3
28   122   9   16   3
................................................
Orders: 29 [Norm: 10, Veg: 5, VIP: 14]
Cooks: 8 [Norm: 3, Veg: 3, VIP: 2, injured: 8]
Avg Wait = 4.96552, Avg Serv = 2.41379
Urgent orders: 4, Auto-promoted: 30%
