FT  ID  AT  WT  ST
3   102   1   0   2
4   103   2   0   2
5   105   2   0   3
5   109   3   0   2
6   101   1   0   5
6   104   2   0   4
6   110   4   0   2
6   111   4   0   2
13   113   5   6   2
13   114   6   5   2
17   120   8   2   7
17   130   14   0   3
17   129   14   0   3
17   117   8   8   1
17   128   13   0   4
19   124   11   0   8
19   116   7   4   8
22   108   3   17   2
22   126   12   8   2
23   125   12   8   3
23   115   7   14   2
25   118   8   16   1
26   106   2   17   7
27   107   3   17   7
27   123   11   15   1
28   119   8   17   3
31   127   12   15   4
32   122   9   21   2
32   112   5   24   3
................................................
Orders: 29 [Norm: 10, Veg: 5, VIP: 14]
Cooks: 8 [Norm: 3, Veg: 3, VIP: 2, injured: 5]
Avg Wait = 7.37931, Avg Serv = 3.34483
Urgent orders: 6, Auto-promoted: 40%
