FT  ID  AT  WT  ST
3   102   1   0   2
3   101   1   0   2
3   103   2   0   1
3   104   2   0   1
3   105   2   0   1
4   109   3   0   1
5   110   4   0   1
5   111   4   0   1
6   106   2   2   2
6   107   3   1   2
6   108   3   1   2
6   112   5   0   1
7   113   5   0   2
7   114   6   0   1
8   116   7   0   1
9   117   8   0   1
11   118   8   2   1
12   120   8   2   2
12   115   7   3   2
14   126   12   1   1
14   122   9   4   1
15   128   13   0   2
15   125   12   1   2
15   119   8   5   2
16   130   14   1   1
16   124   11   1   4
17   129   14   1   2
17   123   11   5   1
17   127   12   4   1
................................................
Orders: 29 [Norm: 11, Veg: 5, VIP: 13]
Cooks: 8 [Norm: 3, Veg: 3, VIP: 2, injured: 1]
Avg Wait = 1.17241, Avg Serv = 1.51724
Urgent orders: 0, Auto-promoted: 0%
