FT  ID  AT  WT  ST
4   102   1   0   3
4   103   2   0   2
5   105   2   0   3
5   109   3   0   2
6   101   1   0   5
6   104   2   0   4
6   110   4   0   2
6   111   4   0   2
8   106   2   3   3
11   107   3   3   5
12   115   7   3   2
13   116   7   3   3
14   114   6   3   5
14   118   8   5   1
14   120   8   3   3
14   119   8   3   3
15   117   8   4   3
16   113   5   3   8
17   123   11   4   2
17   126   12   3   2
17   127   12   3   2
19   124   11   3   5
20   108   3   3   14
21   128   13   3   5
23   129   14   4   5
24   125   12   3   9
31   130   14   3   14
32   112   5   22   5
33   122   9   20   4
................................................
Orders: 29 [Norm: 10, Veg: 5, VIP: 14]
Cooks: 8 [Norm: 3, Veg: 3, VIP: 2, injured: 9]
Avg Wait = 3.58621, Avg Serv = 4.34483
Urgent orders: 19, Auto-promoted: 80%
