2 2 1
3 5 1 2 4 6
2 2 5 6 8 5 10
0.5 5
10 5
35
R N 1 201 5 165
R G 2 202 7 198
R G 2 203 6 178
R G 3 204 4 198 
R V 3 205 3 88
R V 4 206 7 19
R V 5 207 7 206
R N 5 208 8 210
R N 6 209 5 146
R V 6 210 6 212
R V 7 211 5 121
R N 7 212 7 224
R N 7 213 7 240
P 8 213 66
R N 8 288 5 260
X 9 288
R N 9 215 6 187
R V 9 216 7 167 
R V 10 217 4 186 
R N 10 218 3 98
R N 11 219 7 219
R N 12 220 7 2
R N 12 221 8 197
R G 13 222 5 200
P 13 221 56
X 14 220
R N 14 223 5 170
R V 15 224 8 180
R V 15 225 9 170
R V 16 226 10 116 
R N 16 227 4 87
P 17 227 70
R V 18 228 7 189
R V 19 229 8 260
R V 20 230 7 280
 





 

 






