FT  ID  AT  WT  ST
4   302   2   0   2
4   305   3   0   1
5   301   1   0   4
6   207   5   0   1
7   206   4   1   2
9   310   6   0   3
10   308   5   3   2
10   309   6   3   1
13   314   9   2   2
13   313   7   4   2
14   312   7   3   4
15   316   11   3   1
15   311   7   7   1
19   303   2   14   3
24   304   3   19   2
33   315   9   16   8
................................................
Orders: 16 [Norm: 5, Veg: 4, VIP: 7]
Cooks: 3 [Norm: 1, Veg: 1, VIP: 1, injured: 5]
Avg Wait = 4.6875, Avg Serv = 2.4375
Urgent orders: 5, Auto-promoted: 80%
