FT  ID  AT  WT  ST
3   102   1   0   2
3   103   2   0   1
4   101   1   0   3
4   104   2   0   2
4   105   2   0   2
5   109   3   0   2
6   111   4   0   2
6   110   4   0   2
12   114   6   3   3
12   117   8   3   1
13   116   7   2   4
13   120   8   3   2
14   106   2   10   2
15   113   5   3   7
16   130   14   0   2
16   126   12   3   1
16   108   3   10   3
17   107   3   10   4
17   125   12   3   2
18   124   11   3   4
18   128   13   3   2
19   129   14   3   2
19   115   7   10   2
19   118   8   10   1
22   112   5   15   2
23   127   12   10   1
24   119   8   10   6
24   123   11   10   3
25   122   9   14   2
................................................
Orders: 29 [Norm: 10, Veg: 5, VIP: 14]
Cooks: 8 [Norm: 3, Veg: 3, VIP: 2, injured: 5]
Avg Wait = 4.75862, Avg Serv = 2.48276
Urgent orders: 15, Auto-promoted: 80%