FT  ID  AT  WT  ST
3   102   1   0   2
3   103   2   0   1
4   101   1   0   3
4   104   2   0   2
4   105   2   0   2
5   109   3   0   2
6   110   4   0   2
6   111   4   0   2
12   117   8   3   1
12   114   6   3   3
13   113   5   3   5
14   116   7   3   4
14   106   2   10   2
15   108   3   10   2
15   107   3   10   2
16   126   12   3   1
17   124   11   3   3
18   128   13   3   2
19   130   14   3   2
19   129   14   3   2
20   125   12   3   5
29   122   9   18   2
29   112   5   20   4
................................................
Orders: 23 [Norm: 5, Veg: 5, VIP: 13]
Cooks: 8 [Norm: 3, Veg: 3, VIP: 2, injured: 4]
Avg Wait = 4.26087, Avg Serv = 2.43478
Urgent orders: 12, Auto-promoted: 60%
