FT  ID  AT  WT  ST
4   102   1   0   3
5   109   3   0   2
5   103   2   0   3
6   101   1   0   5
6   104   2   0   4
6   110   4   0   2
6   111   4   0   2
7   105   2   0   5
13   116   7   3   3
13   117   8   3   2
14   120   8   3   3
14   106   2   10   2
15   113   5   3   7
15   128   13   0   2
15   114   6   3   6
17   107   3   11   3
17   124   11   3   3
17   130   14   1   2
18   125   12   3   3
18   129   14   2   2
19   118   8   10   1
20   126   12   4   4
20   119   8   10   2
20   123   11   8   1
22   127   12   9   1
29   122   9   18   2
29   108   3   10   16
29   115   7   10   12
30   112   5   21   4
................................................
Orders: 29 [Norm: 10, Veg: 5, VIP: 14]
Cooks: 8 [Norm: 3, Veg: 3, VIP: 2, injured: 5]
Avg Wait = 5, Avg Serv = 3.68966
Urgent orders: 12, Auto-promoted: 60%
